rank,items,rate-Directory creation,time-Directory creation,rate-Directory stat,time-Directory stat,rate-Directory read,time-Directory read,rate-Directory rename,time-Directory rename,rate-Directory removal,time-Directory removal,rate-File creation,time-File creation,rate-File stat,time-File stat,rate-File read,time-File read,rate-File removal,time-File removal,rate-Tree creation,time-Tree creation,rate-Tree removal,time-Tree removal
all,145089,,,,,,,,,,,,,3.7873889360e+06,3.6776112080e+01,,,,,,,,
0,,,,,,,,,,,,,,4.8185461965e+03,3.0110534191e+01,,,,
1,,,,,,,,,,,,,,5.0036017624e+03,2.8996912003e+01,,,,
2,,,,,,,,,,,,,,4.6802369055e+03,3.1000353813e+01,,,,
3,,,,,,,,,,,,,,4.6721780798e+03,3.1053824902e+01,,,,
4,,,,,,,,,,,,,,4.5127210753e+03,3.2151111841e+01,,,,
5,,,,,,,,,,,,,,5.2749771337e+03,2.7505142927e+01,,,,
6,,,,,,,,,,,,,,5.2835408121e+03,2.7460561991e+01,,,,
7,,,,,,,,,,,,,,4.9989081547e+03,2.9024137974e+01,,,,
8,,,,,,,,,,,,,,4.9910505419e+03,2.9069831848e+01,,,,
9,,,,,,,,,,,,,,4.9899181412e+03,2.9076428890e+01,,,,
10,,,,,,,,,,,,,,4.6562758239e+03,3.1159880877e+01,,,,
11,,,,,,,,,,,,,,4.6600853953e+03,3.1134407997e+01,,,,
12,,,,,,,,,,,,,,4.4951514503e+03,3.2276776791e+01,,,,
13,,,,,,,,,,,,,,4.9827816582e+03,2.9118072987e+01,,,,
14,,,,,,,,,,,,,,4.6644203391e+03,3.1105472803e+01,,,,
15,,,,,,,,,,,,,,4.9995601638e+03,2.9020352840e+01,,,,
16,,,,,,,,,,,,,,4.9853921608e+03,2.9102825880e+01,,,,
17,,,,,,,,,,,,,,4.9996573062e+03,2.9019788980e+01,,,,
18,,,,,,,,,,,,,,4.6302877017e+03,3.1334769964e+01,,,,
19,,,,,,,,,,,,,,4.6562293663e+03,3.1160191774e+01,,,,
20,,,,,,,,,,,,,,5.0090926933e+03,2.8965125799e+01,,,,
21,,,,,,,,,,,,,,5.0160399651e+03,2.8925008774e+01,,,,
22,,,,,,,,,,,,,,4.9859148674e+03,2.9099774837e+01,,,,
23,,,,,,,,,,,,,,4.6501698391e+03,3.1200795889e+01,,,,
24,,,,,,,,,,,,,,5.0196561614e+03,2.8904170990e+01,,,,
25,,,,,,,,,,,,,,5.0448986566e+03,2.8759546995e+01,,,,
26,,,,,,,,,,,,,,5.0299249638e+03,2.8845161915e+01,,,,
27,,,,,,,,,,,,,,5.0801388841e+03,2.8560045958e+01,,,,
28,,,,,,,,,,,,,,5.0415122592e+03,2.8778864861e+01,,,,
29,,,,,,,,,,,,,,5.0853547582e+03,2.8530752897e+01,,,,
30,,,,,,,,,,,,,,5.0694933282e+03,2.8620019913e+01,,,,
31,,,,,,,,,,,,,,5.0350822186e+03,2.8815616846e+01,,,,
32,,,,,,,,,,,,,,5.0408576973e+03,2.8782601833e+01,,,,
33,,,,,,,,,,,,,,5.0576946872e+03,2.8686784983e+01,,,,
34,,,,,,,,,,,,,,5.0498465954e+03,2.8731367826e+01,,,,
35,,,,,,,,,,,,,,5.0232011155e+03,2.8883772850e+01,,,,
36,,,,,,,,,,,,,,5.0470006969e+03,2.8747568846e+01,,,,
37,,,,,,,,,,,,,,5.0523461020e+03,2.8717153788e+01,,,,
38,,,,,,,,,,,,,,5.0562138083e+03,2.8695186853e+01,,,,
39,,,,,,,,,,,,,,5.0327692797e+03,2.8828859806e+01,,,,
40,,,,,,,,,,,,,,5.0351105059e+03,2.8815454960e+01,,,,
41,,,,,,,,,,,,,,5.0716701471e+03,2.8607735872e+01,,,,
42,,,,,,,,,,,,,,5.0280005861e+03,2.8856201887e+01,,,,
43,,,,,,,,,,,,,,5.0448267647e+03,2.8759956837e+01,,,,
44,,,,,,,,,,,,,,5.0516287155e+03,2.8721231937e+01,,,,
45,,,,,,,,,,,,,,5.0341482508e+03,2.8820962906e+01,,,,
46,,,,,,,,,,,,,,5.0415092938e+03,2.8778881788e+01,,,,
47,,,,,,,,,,,,,,5.0727323007e+03,2.8601745844e+01,,,,
48,,,,,,,,,,,,,,4.9404089213e+03,2.9367811918e+01,,,,
49,,,,,,,,,,,,,,5.0445315650e+03,2.8761639833e+01,,,,
50,,,,,,,,,,,,,,5.0567757594e+03,2.8691998005e+01,,,,
51,,,,,,,,,,,,,,5.0859039934e+03,2.8527671814e+01,,,,
52,,,,,,,,,,,,,,5.0374399422e+03,2.8802129984e+01,,,,
53,,,,,,,,,,,,,,5.0283065677e+03,2.8854445934e+01,,,,
54,,,,,,,,,,,,,,5.0423215300e+03,2.8774245977e+01,,,,
55,,,,,,,,,,,,,,5.0554867134e+03,2.8699313879e+01,,,,
56,,,,,,,,,,,,,,5.0602000353e+03,2.8672581911e+01,,,,
57,,,,,,,,,,,,,,5.0506436215e+03,2.8726833820e+01,,,,
58,,,,,,,,,,,,,,5.0571288336e+03,2.8689994812e+01,,,,
59,,,,,,,,,,,,,,5.0580905616e+03,2.8684539795e+01,,,,
60,,,,,,,,,,,,,,5.0381685286e+03,2.8797964811e+01,,,,
61,,,,,,,,,,,,,,5.0462730690e+03,2.8751713991e+01,,,,
62,,,,,,,,,,,,,,5.0478494986e+03,2.8742734909e+01,,,,
63,,,,,,,,,,,,,,5.0467570149e+03,2.8748956919e+01,,,,
64,,,,,,,,,,,,,,5.0364407828e+03,2.8807843924e+01,,,,
65,,,,,,,,,,,,,,5.0473632500e+03,2.8745503902e+01,,,,
66,,,,,,,,,,,,,,5.0444254370e+03,2.8762244940e+01,,,,
67,,,,,,,,,,,,,,5.0389783117e+03,2.8793336868e+01,,,,
68,,,,,,,,,,,,,,5.0496105577e+03,2.8732710838e+01,,,,
69,,,,,,,,,,,,,,5.0457437809e+03,2.8754729986e+01,,,,
70,,,,,,,,,,,,,,5.0458880375e+03,2.8753907919e+01,,,,
71,,,,,,,,,,,,,,5.0325452817e+03,2.8830142975e+01,,,,
72,,,,,,,,,,,,,,4.9207657718e+03,2.9485044956e+01,,,,
73,,,,,,,,,,,,,,5.0690181436e+03,2.8622702837e+01,,,,
74,,,,,,,,,,,,,,5.0550879292e+03,2.8701577902e+01,,,,
75,,,,,,,,,,,,,,5.0421605156e+03,2.8775164843e+01,,,,
76,,,,,,,,,,,,,,5.0518424213e+03,2.8720016956e+01,,,,
77,,,,,,,,,,,,,,5.0577343685e+03,2.8686559916e+01,,,,
78,,,,,,,,,,,,,,5.0463691058e+03,2.8751166821e+01,,,,
79,,,,,,,,,,,,,,5.0350191462e+03,2.8815977812e+01,,,,
80,,,,,,,,,,,,,,5.0435614842e+03,2.8767171860e+01,,,,
81,,,,,,,,,,,,,,5.0826503065e+03,2.8545933962e+01,,,,
82,,,,,,,,,,,,,,5.0513754456e+03,2.8722671986e+01,,,,
83,,,,,,,,,,,,,,5.0297908891e+03,2.8845930815e+01,,,,
84,,,,,,,,,,,,,,5.0418531798e+03,2.8776918888e+01,,,,
85,,,,,,,,,,,,,,5.0626808269e+03,2.8658531904e+01,,,,
86,,,,,,,,,,,,,,5.0512471011e+03,2.8723401785e+01,,,,
87,,,,,,,,,,,,,,5.0187699595e+03,2.8909274817e+01,,,,
88,,,,,,,,,,,,,,5.0421095062e+03,2.8775455952e+01,,,,
89,,,,,,,,,,,,,,5.0596595346e+03,2.8675644875e+01,,,,
90,,,,,,,,,,,,,,5.0369363106e+03,2.8805009842e+01,,,,
91,,,,,,,,,,,,,,5.0401666955e+03,2.8786547899e+01,,,,
92,,,,,,,,,,,,,,5.0432823985e+03,2.8768763781e+01,,,,
93,,,,,,,,,,,,,,5.0382344746e+03,2.8797587872e+01,,,,
94,,,,,,,,,,,,,,5.0505126316e+03,2.8727578878e+01,,,,
95,,,,,,,,,,,,,,5.0463208149e+03,2.8751441956e+01,,,,
96,,,,,,,,,,,,,,4.4630932029e+03,3.2508619785e+01,,,,
97,,,,,,,,,,,,,,4.9023200601e+03,2.9595986843e+01,,,,
98,,,,,,,,,,,,,,4.9550495801e+03,2.9281039000e+01,,,,
99,,,,,,,,,,,,,,4.5845814369e+03,3.1647163868e+01,,,,
100,,,,,,,,,,,,,,4.9075426668e+03,2.9564490795e+01,,,,
101,,,,,,,,,,,,,,4.9271251768e+03,2.9446988821e+01,,,,
102,,,,,,,,,,,,,,5.1512617167e+03,2.8165720940e+01,,,,
103,,,,,,,,,,,,,,4.9447446718e+03,2.9342061043e+01,,,,
104,,,,,,,,,,,,,,4.9063243794e+03,2.9571831942e+01,,,,
105,,,,,,,,,,,,,,4.9140927450e+03,2.9525083780e+01,,,,
106,,,,,,,,,,,,,,4.9100107297e+03,2.9549629927e+01,,,,
107,,,,,,,,,,,,,,4.5833992086e+03,3.1655326843e+01,,,,
108,,,,,,,,,,,,,,3.9452038931e+03,3.6776046038e+01,,,,
109,,,,,,,,,,,,,,4.9129863457e+03,2.9531732798e+01,,,,
110,,,,,,,,,,,,,,4.5718314531e+03,3.1735421896e+01,,,,
111,,,,,,,,,,,,,,4.9094192551e+03,2.9553189993e+01,,,,
112,,,,,,,,,,,,,,5.1412651214e+03,2.8220485926e+01,,,,
113,,,,,,,,,,,,,,4.9292597591e+03,2.9434237003e+01,,,,
114,,,,,,,,,,,,,,4.5839290607e+03,3.1651667833e+01,,,,
115,,,,,,,,,,,,,,4.9206211006e+03,2.9485911846e+01,,,,
116,,,,,,,,,,,,,,4.5960502139e+03,3.1568192959e+01,,,,
117,,,,,,,,,,,,,,4.8977891504e+03,2.9623365879e+01,,,,
118,,,,,,,,,,,,,,4.4265749024e+03,3.2776808977e+01,,,,
119,,,,,,,,,,,,,,4.5949345402e+03,3.1575857878e+01,,,,
120,,,,,,,,,,,,,,4.9359591759e+03,2.9394286871e+01,,,,
121,,,,,,,,,,,,,,4.9330665625e+03,2.9411522865e+01,,,,
122,,,,,,,,,,,,,,4.9319992096e+03,2.9417887926e+01,,,,
123,,,,,,,,,,,,,,4.9297637320e+03,2.9431227922e+01,,,,
124,,,,,,,,,,,,,,4.9177129298e+03,2.9503348827e+01,,,,
125,,,,,,,,,,,,,,4.9408909466e+03,2.9364946842e+01,,,,
126,,,,,,,,,,,,,,4.9611807276e+03,2.9244852781e+01,,,,
127,,,,,,,,,,,,,,4.9348885701e+03,2.9400663853e+01,,,,
128,,,,,,,,,,,,,,4.9357166909e+03,2.9395730972e+01,,,,
129,,,,,,,,,,,,,,4.9434940718e+03,2.9349483967e+01,,,,
130,,,,,,,,,,,,,,4.9204413477e+03,2.9486989021e+01,,,,
131,,,,,,,,,,,,,,4.9417195584e+03,2.9360023022e+01,,,,
132,,,,,,,,,,,,,,4.9153889385e+03,2.9517297983e+01,,,,
133,,,,,,,,,,,,,,4.9176884101e+03,2.9503495932e+01,,,,
134,,,,,,,,,,,,,,4.9416797103e+03,2.9360259771e+01,,,,
135,,,,,,,,,,,,,,4.9875671152e+03,2.9090134859e+01,,,,
136,,,,,,,,,,,,,,4.9270192641e+03,2.9447621822e+01,,,,
137,,,,,,,,,,,,,,4.9164837891e+03,2.9510724783e+01,,,,
138,,,,,,,,,,,,,,4.9261200873e+03,2.9452996969e+01,,,,
139,,,,,,,,,,,,,,4.9413853439e+03,2.9362008810e+01,,,,
140,,,,,,,,,,,,,,4.9579551939e+03,2.9263878822e+01,,,,
141,,,,,,,,,,,,,,4.9340977721e+03,2.9405375957e+01,,,,
142,,,,,,,,,,,,,,4.9310042373e+03,2.9423823833e+01,,,,
143,,,,,,,,,,,,,,4.9274072738e+03,2.9445302963e+01,,,,
144,,,,,,,,,,,,,,4.8420053560e+03,2.9964650869e+01,,,,
145,,,,,,,,,,,,,,4.9432225775e+03,2.9351095915e+01,,,,
146,,,,,,,,,,,,,,4.9899030432e+03,2.9076516867e+01,,,,
147,,,,,,,,,,,,,,4.9221011193e+03,2.9477045774e+01,,,,
148,,,,,,,,,,,,,,4.9466198688e+03,2.9330937862e+01,,,,
149,,,,,,,,,,,,,,4.9365778869e+03,2.9390602827e+01,,,,
150,,,,,,,,,,,,,,4.9367082396e+03,2.9389826775e+01,,,,
151,,,,,,,,,,,,,,4.9467075660e+03,2.9330417871e+01,,,,
152,,,,,,,,,,,,,,4.9157976336e+03,2.9514843941e+01,,,,
153,,,,,,,,,,,,,,4.9625046361e+03,2.9237050772e+01,,,,
154,,,,,,,,,,,,,,4.9445207271e+03,2.9343389988e+01,,,,
155,,,,,,,,,,,,,,4.9395089005e+03,2.9373162985e+01,,,,
156,,,,,,,,,,,,,,4.9307900453e+03,2.9425101995e+01,,,,
157,,,,,,,,,,,,,,4.9257565214e+03,2.9455170870e+01,,,,
158,,,,,,,,,,,,,,4.9357823440e+03,2.9395339966e+01,,,,
159,,,,,,,,,,,,,,4.9260766224e+03,2.9453256845e+01,,,,
160,,,,,,,,,,,,,,4.9440122465e+03,2.9346407890e+01,,,,
161,,,,,,,,,,,,,,4.9442000725e+03,2.9345293045e+01,,,,
162,,,,,,,,,,,,,,4.9227402139e+03,2.9473218918e+01,,,,
163,,,,,,,,,,,,,,4.9301148289e+03,2.9429131985e+01,,,,
164,,,,,,,,,,,,,,4.9186900218e+03,2.9497488022e+01,,,,
165,,,,,,,,,,,,,,4.9205883956e+03,2.9486107826e+01,,,,
166,,,,,,,,,,,,,,4.9375463857e+03,2.9384837866e+01,,,,
167,,,,,,,,,,,,,,4.9301458234e+03,2.9428946972e+01,,,,
168,,,,,,,,,,,,,,4.8203163429e+03,3.0099476814e+01,,,,
169,,,,,,,,,,,,,,4.9147046365e+03,2.9521407843e+01,,,,
170,,,,,,,,,,,,,,4.9318509993e+03,2.9418771982e+01,,,,
171,,,,,,,,,,,,,,4.9415859313e+03,2.9360816956e+01,,,,
172,,,,,,,,,,,,,,4.9249011291e+03,2.9460286856e+01,,,,
173,,,,,,,,,,,,,,4.9370495521e+03,2.9387794971e+01,,,,
174,,,,,,,,,,,,,,4.9199788568e+03,2.9489760876e+01,,,,
175,,,,,,,,,,,,,,4.9257454773e+03,2.9455236912e+01,,,,
176,,,,,,,,,,,,,,4.9529235268e+03,2.9293607950e+01,,,,
177,,,,,,,,,,,,,,4.9416785064e+03,2.9360266924e+01,,,,
178,,,,,,,,,,,,,,4.9305224612e+03,2.9426698923e+01,,,,
179,,,,,,,,,,,,,,4.9299474815e+03,2.9430130959e+01,,,,
180,,,,,,,,,,,,,,4.9226156151e+03,2.9473964930e+01,,,,
181,,,,,,,,,,,,,,4.9307194910e+03,2.9425523043e+01,,,,
182,,,,,,,,,,,,,,4.9290375742e+03,2.9435563803e+01,,,,
183,,,,,,,,,,,,,,4.9314979766e+03,2.9420877934e+01,,,,
184,,,,,,,,,,,,,,4.9590682021e+03,2.9257310867e+01,,,,
185,,,,,,,,,,,,,,4.9737468566e+03,2.9170965910e+01,,,,
186,,,,,,,,,,,,,,4.9574801722e+03,2.9266682863e+01,,,,
187,,,,,,,,,,,,,,4.9145847703e+03,2.9522127867e+01,,,,
188,,,,,,,,,,,,,,4.9139221188e+03,2.9526108980e+01,,,,
189,,,,,,,,,,,,,,4.9462410893e+03,2.9333184004e+01,,,,
190,,,,,,,,,,,,,,4.9162104080e+03,2.9512365818e+01,,,,
191,,,,,,,,,,,,,,4.9523423033e+03,2.9297045946e+01,,,,
192,,,,,,,,,,,,,,4.4959111269e+03,3.2271322966e+01,,,,
193,,,,,,,,,,,,,,4.9557702260e+03,2.9276781082e+01,,,,
194,,,,,,,,,,,,,,4.9706634681e+03,2.9189061165e+01,,,,
195,,,,,,,,,,,,,,4.6341066533e+03,3.1308947086e+01,,,,
196,,,,,,,,,,,,,,4.9926449998e+03,2.9060548067e+01,,,,
197,,,,,,,,,,,,,,4.9666765866e+03,2.9212491989e+01,,,,
198,,,,,,,,,,,,,,5.2308825336e+03,2.7737002134e+01,,,,
199,,,,,,,,,,,,,,4.9545772933e+03,2.9283830166e+01,,,,
200,,,,,,,,,,,,,,4.9527782887e+03,2.9294466972e+01,,,,
201,,,,,,,,,,,,,,5.0026076729e+03,2.9002674103e+01,,,,
202,,,,,,,,,,,,,,4.9588590002e+03,2.9258545160e+01,,,,
203,,,,,,,,,,,,,,4.6503251276e+03,3.1199754000e+01,,,,
204,,,,,,,,,,,,,,3.9965249755e+03,3.6303789139e+01,,,,
205,,,,,,,,,,,,,,4.9523204597e+03,2.9297175169e+01,,,,
206,,,,,,,,,,,,,,4.6775865171e+03,3.1017919064e+01,,,,
207,,,,,,,,,,,,,,4.9775439294e+03,2.9148713112e+01,,,,
208,,,,,,,,,,,,,,5.2274573812e+03,2.7755176067e+01,,,,
209,,,,,,,,,,,,,,4.9613508494e+03,2.9243849993e+01,,,,
210,,,,,,,,,,,,,,4.6238984547e+03,3.1378067970e+01,,,,
211,,,,,,,,,,,,,,4.9801731952e+03,2.9133324146e+01,,,,
212,,,,,,,,,,,,,,4.6462310441e+03,3.1227246046e+01,,,,
213,,,,,,,,,,,,,,4.9709948737e+03,2.9187115192e+01,,,,
214,,,,,,,,,,,,,,4.5249825477e+03,3.2063991070e+01,,,,
215,,,,,,,,,,,,,,4.6462320728e+03,3.1227239132e+01,,,,
216,,,,,,,,,,,,,,4.9918950409e+03,2.9064913988e+01,,,,
217,,,,,,,,,,,,,,5.0069533068e+03,2.8977502108e+01,,,,
218,,,,,,,,,,,,,,5.0072572677e+03,2.8975743055e+01,,,,
219,,,,,,,,,,,,,,5.0235572714e+03,2.8881725073e+01,,,,
220,,,,,,,,,,,,,,5.0303829087e+03,2.8842535973e+01,,,,
221,,,,,,,,,,,,,,5.0176257744e+03,2.8915867090e+01,,,,
222,,,,,,,,,,,,,,4.9945902011e+03,2.9049230099e+01,,,,
223,,,,,,,,,,,,,,5.0085675480e+03,2.8968162775e+01,,,,
224,,,,,,,,,,,,,,5.0444448809e+03,2.8762134075e+01,,,,
225,,,,,,,,,,,,,,4.9702520945e+03,2.9191477060e+01,,,,
226,,,,,,,,,,,,,,5.0427994112e+03,2.8771519184e+01,,,,
227,,,,,,,,,,,,,,5.0010841938e+03,2.9011509180e+01,,,,
228,,,,,,,,,,,,,,5.0234962291e+03,2.8882076025e+01,,,,
229,,,,,,,,,,,,,,4.9892715487e+03,2.9080197096e+01,,,,
230,,,,,,,,,,,,,,5.0104239420e+03,2.8957429886e+01,,,,
231,,,,,,,,,,,,,,5.0382419411e+03,2.8797545195e+01,,,,
232,,,,,,,,,,,,,,5.0163348994e+03,2.8923308134e+01,,,,
233,,,,,,,,,,,,,,4.9830395211e+03,2.9116566181e+01,,,,
234,,,,,,,,,,,,,,4.9945458475e+03,2.9049488068e+01,,,,
235,,,,,,,,,,,,,,4.9929762707e+03,2.9058619976e+01,,,,
236,,,,,,,,,,,,,,5.0075097588e+03,2.8974282026e+01,,,,
237,,,,,,,,,,,,,,5.0296485491e+03,2.8846747160e+01,,,,
238,,,,,,,,,,,,,,5.0062479285e+03,2.8981585026e+01,,,,
239,,,,,,,,,,,,,,4.9826533079e+03,2.9118823051e+01,,,,
240,,,,,,,,,,,,,,4.9027803824e+03,2.9593208075e+01,,,,
241,,,,,,,,,,,,,,4.9981247860e+03,2.9028687000e+01,,,,
242,,,,,,,,,,,,,,5.0159172962e+03,2.8925716162e+01,,,,
243,,,,,,,,,,,,,,5.0316799431e+03,2.8835101128e+01,,,,
244,,,,,,,,,,,,,,5.0361564829e+03,2.8809470177e+01,,,,
245,,,,,,,,,,,,,,5.0158021574e+03,2.8926380157e+01,,,,
246,,,,,,,,,,,,,,4.9942126469e+03,2.9051426172e+01,,,,
247,,,,,,,,,,,,,,5.0220286749e+03,2.8890516043e+01,,,,
248,,,,,,,,,,,,,,5.0076599553e+03,2.8973412991e+01,,,,
249,,,,,,,,,,,,,,5.0043214157e+03,2.8992742062e+01,,,,
250,,,,,,,,,,,,,,5.0122512044e+03,2.8946873188e+01,,,,
251,,,,,,,,,,,,,,5.0064030329e+03,2.8980687141e+01,,,,
252,,,,,,,,,,,,,,4.9936201770e+03,2.9054872990e+01,,,,
253,,,,,,,,,,,,,,5.0061399459e+03,2.8982210159e+01,,,,
254,,,,,,,,,,,,,,4.9940438707e+03,2.9052407980e+01,,,,
255,,,,,,,,,,,,,,5.0080972452e+03,2.8970883131e+01,,,,
256,,,,,,,,,,,,,,4.9833029605e+03,2.9115026951e+01,,,,
257,,,,,,,,,,,,,,5.0368710656e+03,2.8805382967e+01,,,,
258,,,,,,,,,,,,,,5.0028088199e+03,2.9001507998e+01,,,,
259,,,,,,,,,,,,,,4.9995911339e+03,2.9020173073e+01,,,,
260,,,,,,,,,,,,,,5.0214436336e+03,2.8893882036e+01,,,,
261,,,,,,,,,,,,,,5.0075890795e+03,2.8973823071e+01,,,,
262,,,,,,,,,,,,,,5.0141389611e+03,2.8935975075e+01,,,,
263,,,,,,,,,,,,,,5.0053130577e+03,2.8986998081e+01,,,,
264,,,,,,,,,,,,,,4.8963380540e+03,2.9632145166e+01,,,,
265,,,,,,,,,,,,,,5.0340358965e+03,2.8821606159e+01,,,,
266,,,,,,,,,,,,,,5.0004368411e+03,2.9015264988e+01,,,,
267,,,,,,,,,,,,,,5.0164445215e+03,2.8922676086e+01,,,,
268,,,,,,,,,,,,,,5.0376456099e+03,2.8800954103e+01,,,,
269,,,,,,,,,,,,,,5.0115448692e+03,2.8950953007e+01,,,,
270,,,,,,,,,,,,,,4.9701592982e+03,2.9192022085e+01,,,,
271,,,,,,,,,,,,,,4.9786288483e+03,2.9142361164e+01,,,,
272,,,,,,,,,,,,,,5.0137752581e+03,2.8938074112e+01,,,,
273,,,,,,,,,,,,,,5.0135327086e+03,2.8939474106e+01,,,,
274,,,,,,,,,,,,,,4.9921389412e+03,2.9063493967e+01,,,,
275,,,,,,,,,,,,,,5.0193706483e+03,2.8905815125e+01,,,,
276,,,,,,,,,,,,,,5.0164818213e+03,2.8922461033e+01,,,,
277,,,,,,,,,,,,,,5.0289892093e+03,2.8850529194e+01,,,,
278,,,,,,,,,,,,,,5.0420663934e+03,2.8775702000e+01,,,,
279,,,,,,,,,,,,,,5.0315745632e+03,2.8835705042e+01,,,,
280,,,,,,,,,,,,,,5.0084070333e+03,2.8969091177e+01,,,,
281,,,,,,,,,,,,,,5.0006139804e+03,2.9014237165e+01,,,,
282,,,,,,,,,,,,,,5.0085766581e+03,2.8968110085e+01,,,,
283,,,,,,,,,,,,,,5.0014983031e+03,2.9009107113e+01,,,,
284,,,,,,,,,,,,,,4.9892446331e+03,2.9080353975e+01,,,,
285,,,,,,,,,,,,,,5.0043771780e+03,2.8992419004e+01,,,,
286,,,,,,,,,,,,,,4.9965515645e+03,2.9037827015e+01,,,,
287,,,,,,,,,,,,,,5.0075766353e+03,2.8973895073e+01,,,,
288,,,,,,,,,,,,,,4.9467550952e+03,2.9330136061e+01,,,,
289,,,,,,,,,,,,,,5.1194316964e+03,2.8340841055e+01,,,,
290,,,,,,,,,,,,,,4.7468636793e+03,3.0565234184e+01,,,,
291,,,,,,,,,,,,,,4.7407232169e+03,3.0604824066e+01,,,,
292,,,,,,,,,,,,,,4.5922268206e+03,3.1594475985e+01,,,,
293,,,,,,,,,,,,,,5.4416318247e+03,2.6662774086e+01,,,,
294,,,,,,,,,,,,,,5.3650273805e+03,2.7043478012e+01,,,,
295,,,,,,,,,,,,,,5.0975225318e+03,2.8462650061e+01,,,,
296,,,,,,,,,,,,,,5.0914716303e+03,2.8496476173e+01,,,,
297,,,,,,,,,,,,,,5.1125768409e+03,2.8378839970e+01,,,,
298,,,,,,,,,,,,,,4.7306675123e+03,3.0669878960e+01,,,,
299,,,,,,,,,,,,,,4.7282188792e+03,3.0685762167e+01,,,,
300,,,,,,,,,,,,,,4.5552168286e+03,3.1851173162e+01,,,,
301,,,,,,,,,,,,,,5.0973163865e+03,2.8463801146e+01,,,,
302,,,,,,,,,,,,,,4.7412305598e+03,3.0601549149e+01,,,,
303,,,,,,,,,,,,,,5.0931842318e+03,2.8486894131e+01,,,,
304,,,,,,,,,,,,,,5.0754764094e+03,2.8586282015e+01,,,,
305,,,,,,,,,,,,,,5.0958720006e+03,2.8471868992e+01,,,,
306,,,,,,,,,,,,,,4.7315862151e+03,3.0663923979e+01,,,,
307,,,,,,,,,,,,,,4.7340168311e+03,3.0648180008e+01,,,,
308,,,,,,,,,,,,,,5.0965217641e+03,2.8468239069e+01,,,,
309,,,,,,,,,,,,,,5.1245776526e+03,2.8312381983e+01,,,,
310,,,,,,,,,,,,,,5.0975051532e+03,2.8462747097e+01,,,,
311,,,,,,,,,,,,,,4.7357293490e+03,3.0637097120e+01,,,,
312,,,,,,,,,,,,,,5.1209578155e+03,2.8332395077e+01,,,,
313,,,,,,,,,,,,,,5.1283046437e+03,2.8291805983e+01,,,,
314,,,,,,,,,,,,,,5.1818260680e+03,2.7999588966e+01,,,,
315,,,,,,,,,,,,,,5.1546710212e+03,2.8147092104e+01,,,,
316,,,,,,,,,,,,,,5.1605376200e+03,2.8115093946e+01,,,,
317,,,,,,,,,,,,,,5.1943304507e+03,2.7932185173e+01,,,,
318,,,,,,,,,,,,,,5.1418612570e+03,2.8217214108e+01,,,,
319,,,,,,,,,,,,,,5.1345524587e+03,2.8257380009e+01,,,,
320,,,,,,,,,,,,,,5.1445834814e+03,2.8202283144e+01,,,,
321,,,,,,,,,,,,,,5.1477852852e+03,2.8184741974e+01,,,,
322,,,,,,,,,,,,,,5.1056714792e+03,2.8417222023e+01,,,,
323,,,,,,,,,,,,,,5.1647579150e+03,2.8092120171e+01,,,,
324,,,,,,,,,,,,,,5.1292205294e+03,2.8286754131e+01,,,,
325,,,,,,,,,,,,,,5.1681187063e+03,2.8073852062e+01,,,,
326,,,,,,,,,,,,,,5.1309054564e+03,2.8277465105e+01,,,,
327,,,,,,,,,,,,,,5.1560817024e+03,2.8139391184e+01,,,,
328,,,,,,,,,,,,,,5.1442947564e+03,2.8203866005e+01,,,,
329,,,,,,,,,,,,,,5.1259014435e+03,2.8305070162e+01,,,,
330,,,,,,,,,,,,,,5.1487130654e+03,2.8179663181e+01,,,,
331,,,,,,,,,,,,,,5.1776394730e+03,2.8022229195e+01,,,,
332,,,,,,,,,,,,,,5.1532519477e+03,2.8154843092e+01,,,,
333,,,,,,,,,,,,,,5.1451067393e+03,2.8199414968e+01,,,,
334,,,,,,,,,,,,,,5.1352066644e+03,2.8253780127e+01,,,,
335,,,,,,,,,,,,,,5.1373613616e+03,2.8241930008e+01,,,,
336,,,,,,,,,,,,,,4.9971153087e+03,2.9034551144e+01,,,,
337,,,,,,,,,,,,,,5.1512924146e+03,2.8165553093e+01,,,,
338,,,,,,,,,,,,,,5.1634323376e+03,2.8099332094e+01,,,,
339,,,,,,,,,,,,,,5.1302080588e+03,2.8281309128e+01,,,,
340,,,,,,,,,,,,,,5.1617746696e+03,2.8108355999e+01,,,,
341,,,,,,,,,,,,,,5.1468798656e+03,2.8189700127e+01,,,,
342,,,,,,,,,,,,,,5.1362274091e+03,2.8248165131e+01,,,,
343,,,,,,,,,,,,,,5.1543789364e+03,2.8148687124e+01,,,,
344,,,,,,,,,,,,,,5.1479670083e+03,2.8183747053e+01,,,,
345,,,,,,,,,,,,,,5.1676752747e+03,2.8076261044e+01,,,,
346,,,,,,,,,,,,,,5.1599649724e+03,2.8118214130e+01,,,,
347,,,,,,,,,,,,,,5.1338676689e+03,2.8261149168e+01,,,,
348,,,,,,,,,,,,,,5.1662446032e+03,2.8084036112e+01,,,,
349,,,,,,,,,,,,,,5.1339348880e+03,2.8260779142e+01,,,,
350,,,,,,,,,,,,,,5.1553256473e+03,2.8143517971e+01,,,,
351,,,,,,,,,,,,,,5.1438307508e+03,2.8206410170e+01,,,,
352,,,,,,,,,,,,,,5.1371863711e+03,2.8242892027e+01,,,,
353,,,,,,,,,,,,,,5.1318378941e+03,2.8272327185e+01,,,,
354,,,,,,,,,,,,,,5.1254286627e+03,2.8307681084e+01,,,,
355,,,,,,,,,,,,,,5.1231457692e+03,2.8320295095e+01,,,,
356,,,,,,,,,,,,,,5.1425171528e+03,2.8213615179e+01,,,,
357,,,,,,,,,,,,,,5.1500227269e+03,2.8172497034e+01,,,,
358,,,,,,,,,,,,,,5.1620569091e+03,2.8106819153e+01,,,,
359,,,,,,,,,,,,,,5.1109010523e+03,2.8388144970e+01,,,,
360,,,,,,,,,,,,,,5.0034588850e+03,2.8997740030e+01,,,,
361,,,,,,,,,,,,,,5.1344788553e+03,2.8257785082e+01,,,,
362,,,,,,,,,,,,,,5.1569478413e+03,2.8134665012e+01,,,,
363,,,,,,,,,,,,,,5.1150706582e+03,2.8365004063e+01,,,,
364,,,,,,,,,,,,,,5.1625427345e+03,2.8104174137e+01,,,,
365,,,,,,,,,,,,,,5.1419806050e+03,2.8216559172e+01,,,,
366,,,,,,,,,,,,,,5.1476064487e+03,2.8185721159e+01,,,,
367,,,,,,,,,,,,,,5.1181139135e+03,2.8348138094e+01,,,,
368,,,,,,,,,,,,,,5.1265536623e+03,2.8301469088e+01,,,,
369,,,,,,,,,,,,,,5.1789750005e+03,2.8015002966e+01,,,,
370,,,,,,,,,,,,,,5.1259965196e+03,2.8304545164e+01,,,,
371,,,,,,,,,,,,,,5.1509562842e+03,2.8167391062e+01,,,,
372,,,,,,,,,,,,,,5.1095079462e+03,2.8395884991e+01,,,,
373,,,,,,,,,,,,,,5.1135718072e+03,2.8373318195e+01,,,,
374,,,,,,,,,,,,,,5.1749074661e+03,2.8037023067e+01,,,,
375,,,,,,,,,,,,,,5.1549803442e+03,2.8145403147e+01,,,,
376,,,,,,,,,,,,,,5.1325275967e+03,2.8268527985e+01,,,,
377,,,,,,,,,,,,,,5.1557304885e+03,2.8141308069e+01,,,,
378,,,,,,,,,,,,,,5.1149364771e+03,2.8365748167e+01,,,,
379,,,,,,,,,,,,,,5.1227035096e+03,2.8322740078e+01,,,,
380,,,,,,,,,,,,,,5.1410111227e+03,2.8221880198e+01,,,,
381,,,,,,,,,,,,,,5.1460377753e+03,2.8194313049e+01,,,,
382,,,,,,,,,,,,,,5.1250567938e+03,2.8309735060e+01,,,,
383,,,,,,,,,,,,,,5.1281208490e+03,2.8292819977e+01,,,,
384,,,,,,,,,,,,,,4.4406583593e+03,3.2672858000e+01,,,,
385,,,,,,,,,,,,,,4.5733036522e+03,3.1725205898e+01,,,,
386,,,,,,,,,,,,,,4.9084366971e+03,2.9559105873e+01,,,,
387,,,,,,,,,,,,,,5.1352163277e+03,2.8253726959e+01,,,,
388,,,,,,,,,,,,,,4.4486036219e+03,3.2614503860e+01,,,,
389,,,,,,,,,,,,,,4.5794995375e+03,3.1682282925e+01,,,,
390,,,,,,,,,,,,,,4.8995825442e+03,2.9612522840e+01,,,,
391,,,,,,,,,,,,,,4.8878702861e+03,2.9683480024e+01,,,,
392,,,,,,,,,,,,,,4.8916808388e+03,2.9660356998e+01,,,,
393,,,,,,,,,,,,,,4.5719721761e+03,3.1734445095e+01,,,,
394,,,,,,,,,,,,,,4.8785864313e+03,2.9739967108e+01,,,,
395,,,,,,,,,,,,,,4.8973594814e+03,2.9625964880e+01,,,,
396,,,,,,,,,,,,,,3.9511443682e+03,3.6720753908e+01,,,,
397,,,,,,,,,,,,,,5.1324524497e+03,2.8268941879e+01,,,,
398,,,,,,,,,,,,,,3.9502107142e+03,3.6729433060e+01,,,,
399,,,,,,,,,,,,,,4.9127697104e+03,2.9533035040e+01,,,,
400,,,,,,,,,,,,,,4.8831655222e+03,2.9712079048e+01,,,,
401,,,,,,,,,,,,,,4.5603481525e+03,3.1815334082e+01,,,,
402,,,,,,,,,,,,,,4.8795594214e+03,2.9734036922e+01,,,,
403,,,,,,,,,,,,,,4.8761721217e+03,2.9754692078e+01,,,,
404,,,,,,,,,,,,,,5.1447670228e+03,2.8201277018e+01,,,,
405,,,,,,,,,,,,,,4.5762278055e+03,3.1704933882e+01,,,,
406,,,,,,,,,,,,,,4.9155691165e+03,2.9516216040e+01,,,,
407,,,,,,,,,,,,,,4.8910502545e+03,2.9664180994e+01,,,,
408,,,,,,,,,,,,,,4.9265295718e+03,2.9450548887e+01,,,,
409,,,,,,,,,,,,,,4.9155336595e+03,2.9516428947e+01,,,,
410,,,,,,,,,,,,,,4.9185788263e+03,2.9498154879e+01,,,,
411,,,,,,,,,,,,,,4.9554004143e+03,2.9278965950e+01,,,,
412,,,,,,,,,,,,,,4.9196026349e+03,2.9492016077e+01,,,,
413,,,,,,,,,,,,,,4.9347366647e+03,2.9401568890e+01,,,,
414,,,,,,,,,,,,,,4.9344172778e+03,2.9403471947e+01,,,,
415,,,,,,,,,,,,,,4.9125797438e+03,2.9534177065e+01,,,,
416,,,,,,,,,,,,,,4.9319012811e+03,2.9418472052e+01,,,,
417,,,,,,,,,,,,,,4.9283420432e+03,2.9439718008e+01,,,,
418,,,,,,,,,,,,,,4.9286891056e+03,2.9437644958e+01,,,,
419,,,,,,,,,,,,,,4.9330292932e+03,2.9411745071e+01,,,,
420,,,,,,,,,,,,,,4.9369694063e+03,2.9388272047e+01,,,,
421,,,,,,,,,,,,,,4.9669603526e+03,2.9210823059e+01,,,,
422,,,,,,,,,,,,,,4.9477858009e+03,2.9324026108e+01,,,,
423,,,,,,,,,,,,,,4.9423570547e+03,2.9356235981e+01,,,,
424,,,,,,,,,,,,,,4.9276514169e+03,2.9443844080e+01,,,,
425,,,,,,,,,,,,,,4.9330898362e+03,2.9411384106e+01,,,,
426,,,,,,,,,,,,,,4.9274574650e+03,2.9445003033e+01,,,,
427,,,,,,,,,,,,,,4.9334174502e+03,2.9409430981e+01,,,,
428,,,,,,,,,,,,,,4.9311887186e+03,2.9422723055e+01,,,,
429,,,,,,,,,,,,,,4.9142561604e+03,2.9524101973e+01,,,,
430,,,,,,,,,,,,,,4.9514002614e+03,2.9302619934e+01,,,,
431,,,,,,,,,,,,,,4.9150682400e+03,2.9519223928e+01,,,,
432,,,,,,,,,,,,,,4.8452278269e+03,2.9944721937e+01,,,,
433,,,,,,,,,,,,,,4.9216945200e+03,2.9479480982e+01,,,,
434,,,,,,,,,,,,,,4.9308436614e+03,2.9424782038e+01,,,,
435,,,,,,,,,,,,,,4.9365232650e+03,2.9390928030e+01,,,,
436,,,,,,,,,,,,,,4.9492702132e+03,2.9315231085e+01,,,,
437,,,,,,,,,,,,,,4.9465277920e+03,2.9331483841e+01,,,,
438,,,,,,,,,,,,,,4.9158852342e+03,2.9514317989e+01,,,,
439,,,,,,,,,,,,,,4.9583441728e+03,2.9261583090e+01,,,,
440,,,,,,,,,,,,,,4.9536291993e+03,2.9289434910e+01,,,,
441,,,,,,,,,,,,,,4.9441751273e+03,2.9345441103e+01,,,,
442,,,,,,,,,,,,,,4.9524126313e+03,2.9296629906e+01,,,,
443,,,,,,,,,,,,,,4.9402211827e+03,2.9368927956e+01,,,,
444,,,,,,,,,,,,,,4.9433833984e+03,2.9350141048e+01,,,,
445,,,,,,,,,,,,,,4.9367127250e+03,2.9389800072e+01,,,,
446,,,,,,,,,,,,,,4.9659384607e+03,2.9216834068e+01,,,,
447,,,,,,,,,,,,,,4.9446991902e+03,2.9342330933e+01,,,,
448,,,,,,,,,,,,,,4.9453458549e+03,2.9338494062e+01,,,,
449,,,,,,,,,,,,,,4.9317495596e+03,2.9419377089e+01,,,,
450,,,,,,,,,,,,,,4.9489592454e+03,2.9317073107e+01,,,,
451,,,,,,,,,,,,,,4.9316649098e+03,2.9419882059e+01,,,,
452,,,,,,,,,,,,,,4.9400561562e+03,2.9369909048e+01,,,,
453,,,,,,,,,,,,,,4.9685733668e+03,2.9201339960e+01,,,,
454,,,,,,,,,,,,,,4.9376007900e+03,2.9384514093e+01,,,,
455,,,,,,,,,,,,,,4.9193215898e+03,2.9493700981e+01,,,,
456,,,,,,,,,,,,,,4.8238924692e+03,3.0077162981e+01,,,,
457,,,,,,,,,,,,,,4.9378224655e+03,2.9383194923e+01,,,,
458,,,,,,,,,,,,,,4.9393911890e+03,2.9373862982e+01,,,,
459,,,,,,,,,,,,,,4.9425439521e+03,2.9355125904e+01,,,,
460,,,,,,,,,,,,,,4.9351217286e+03,2.9399274826e+01,,,,
461,,,,,,,,,,,,,,4.9300913836e+03,2.9429271936e+01,,,,
462,,,,,,,,,,,,,,4.9170607575e+03,2.9507261992e+01,,,,
463,,,,,,,,,,,,,,4.9136255749e+03,2.9527890921e+01,,,,
464,,,,,,,,,,,,,,4.9680704725e+03,2.9204295874e+01,,,,
465,,,,,,,,,,,,,,4.9423408785e+03,2.9356332064e+01,,,,
466,,,,,,,,,,,,,,4.9360036561e+03,2.9394021988e+01,,,,
467,,,,,,,,,,,,,,4.9402103945e+03,2.9368992090e+01,,,,
468,,,,,,,,,,,,,,4.9265844116e+03,2.9450221062e+01,,,,
469,,,,,,,,,,,,,,4.9370129434e+03,2.9388012886e+01,,,,
470,,,,,,,,,,,,,,4.9256788948e+03,2.9455635071e+01,,,,
471,,,,,,,,,,,,,,4.9442644250e+03,2.9344911098e+01,,,,
472,,,,,,,,,,,,,,4.9331670167e+03,2.9410923958e+01,,,,
473,,,,,,,,,,,,,,4.9314738388e+03,2.9421021938e+01,,,,
474,,,,,,,,,,,,,,4.9294197127e+03,2.9433281898e+01,,,,
475,,,,,,,,,,,,,,4.9160018279e+03,2.9513617992e+01,,,,
476,,,,,,,,,,,,,,4.9213962014e+03,2.9481267929e+01,,,,
477,,,,,,,,,,,,,,4.9369034011e+03,2.9388664961e+01,,,,
478,,,,,,,,,,,,,,4.9541142919e+03,2.9286566973e+01,,,,
479,,,,,,,,,,,,,,4.9396138272e+03,2.9372539043e+01,,,,
480,,,,,,,,,,,,,,4.4935499802e+03,3.2288280010e+01,,,,
481,,,,,,,,,,,,,,4.6353999274e+03,3.1300211906e+01,,,,
482,,,,,,,,,,,,,,4.9690996935e+03,2.9198246956e+01,,,,
483,,,,,,,,,,,,,,4.6216369950e+03,3.1393421888e+01,,,,
484,,,,,,,,,,,,,,3.9893094898e+03,3.6369452000e+01,,,,
485,,,,,,,,,,,,,,4.6166843349e+03,3.1427099943e+01,,,,
486,,,,,,,,,,,,,,4.9451634874e+03,2.9339576006e+01,,,,
487,,,,,,,,,,,,,,4.9406420803e+03,2.9366425991e+01,,,,
488,,,,,,,,,,,,,,4.9572377891e+03,2.9268113852e+01,,,,
489,,,,,,,,,,,,,,4.6306487390e+03,3.1332326889e+01,,,,
490,,,,,,,,,,,,,,5.2196848185e+03,2.7796505928e+01,,,,
491,,,,,,,,,,,,,,5.2590939902e+03,2.7588212013e+01,,,,
492,,,,,,,,,,,,,,3.9502864355e+03,3.6728729010e+01,,,,
493,,,,,,,,,,,,,,5.1975427338e+03,2.7914921999e+01,,,,
494,,,,,,,,,,,,,,4.4823402292e+03,3.2369028807e+01,,,,
495,,,,,,,,,,,,,,4.9510613123e+03,2.9304625988e+01,,,,
496,,,,,,,,,,,,,,4.9499193222e+03,2.9311386824e+01,,,,
497,,,,,,,,,,,,,,4.6093150501e+03,3.1477344990e+01,,,,
498,,,,,,,,,,,,,,4.9373781729e+03,2.9385838985e+01,,,,
499,,,,,,,,,,,,,,4.9512529373e+03,2.9303491831e+01,,,,
500,,,,,,,,,,,,,,5.1586734269e+03,2.8125253916e+01,,,,
501,,,,,,,,,,,,,,4.9319318184e+03,2.9418289900e+01,,,,
502,,,,,,,,,,,,,,4.4921952914e+03,3.2298017025e+01,,,,
503,,,,,,,,,,,,,,4.9295226938e+03,2.9432667017e+01,,,,
504,,,,,,,,,,,,,,4.9612005462e+03,2.9244735956e+01,,,,
505,,,,,,,,,,,,,,4.9876482173e+03,2.9089661837e+01,,,,
506,,,,,,,,,,,,,,4.9513313318e+03,2.9303027868e+01,,,,
507,,,,,,,,,,,,,,4.9807160464e+03,2.9130148888e+01,,,,
508,,,,,,,,,,,,,,4.9602112240e+03,2.9250568867e+01,,,,
509,,,,,,,,,,,,,,4.9810672631e+03,2.9128094912e+01,,,,
510,,,,,,,,,,,,,,4.9812399747e+03,2.9127084970e+01,,,,
511,,,,,,,,,,,,,,4.9774384436e+03,2.9149330854e+01,,,,
512,,,,,,,,,,,,,,4.9822959121e+03,2.9120911837e+01,,,,
513,,,,,,,,,,,,,,4.9700975171e+03,2.9192384958e+01,,,,
514,,,,,,,,,,,,,,4.9784826691e+03,2.9143216848e+01,,,,
515,,,,,,,,,,,,,,4.9792183365e+03,2.9138911009e+01,,,,
516,,,,,,,,,,,,,,4.9832321197e+03,2.9115440845e+01,,,,
517,,,,,,,,,,,,,,4.9601157297e+03,2.9251132011e+01,,,,
518,,,,,,,,,,,,,,4.9582514974e+03,2.9262130022e+01,,,,
519,,,,,,,,,,,,,,4.9695982103e+03,2.9195317984e+01,,,,
520,,,,,,,,,,,,,,4.9611705352e+03,2.9244912863e+01,,,,
521,,,,,,,,,,,,,,4.9701646158e+03,2.9191990852e+01,,,,
522,,,,,,,,,,,,,,4.9742674493e+03,2.9167912960e+01,,,,
523,,,,,,,,,,,,,,5.0008401584e+03,2.9012924910e+01,,,,
524,,,,,,,,,,,,,,4.9698122156e+03,2.9194060802e+01,,,,
525,,,,,,,,,,,,,,4.9347522710e+03,2.9401475906e+01,,,,
526,,,,,,,,,,,,,,4.9710451447e+03,2.9186820030e+01,,,,
527,,,,,,,,,,,,,,4.9732225932e+03,2.9174041033e+01,,,,
528,,,,,,,,,,,,,,4.8703500736e+03,2.9790261030e+01,,,,
529,,,,,,,,,,,,,,4.9698715949e+03,2.9193711996e+01,,,,
530,,,,,,,,,,,,,,4.9783526667e+03,2.9143977880e+01,,,,
531,,,,,,,,,,,,,,4.9641778879e+03,2.9227195978e+01,,,,
532,,,,,,,,,,,,,,4.9910541442e+03,2.9069810867e+01,,,,
533,,,,,,,,,,,,,,4.9683882681e+03,2.9202427864e+01,,,,
534,,,,,,,,,,,,,,4.9724518853e+03,2.9178562880e+01,,,,
535,,,,,,,,,,,,,,4.9960890938e+03,2.9040514946e+01,,,,
536,,,,,,,,,,,,,,4.9709976349e+03,2.9187098980e+01,,,,
537,,,,,,,,,,,,,,4.9828894922e+03,2.9117442846e+01,,,,
538,,,,,,,,,,,,,,4.9809012087e+03,2.9129065990e+01,,,,
539,,,,,,,,,,,,,,4.9650142079e+03,2.9222272873e+01,,,,
540,,,,,,,,,,,,,,4.9744753509e+03,2.9166693926e+01,,,,
541,,,,,,,,,,,,,,4.9691442861e+03,2.9197984934e+01,,,,
542,,,,,,,,,,,,,,4.9630048660e+03,2.9234103918e+01,,,,
543,,,,,,,,,,,,,,4.9682899033e+03,2.9203006029e+01,,,,
544,,,,,,,,,,,,,,4.9647940132e+03,2.9223568916e+01,,,,
545,,,,,,,,,,,,,,4.9603665617e+03,2.9249652863e+01,,,,
546,,,,,,,,,,,,,,4.9821275324e+03,2.9121896029e+01,,,,
547,,,,,,,,,,,,,,5.0155374203e+03,2.8927906990e+01,,,,
548,,,,,,,,,,,,,,4.9632311763e+03,2.9232770920e+01,,,,
549,,,,,,,,,,,,,,4.9692259669e+03,2.9197504997e+01,,,,
550,,,,,,,,,,,,,,4.9856025047e+03,2.9101598024e+01,,,,
551,,,,,,,,,,,,,,4.9726533370e+03,2.9177380800e+01,,,,
552,,,,,,,,,,,,,,4.8612482721e+03,2.9846037865e+01,,,,
553,,,,,,,,,,,,,,4.9644119594e+03,2.9225817919e+01,,,,
554,,,,,,,,,,,,,,4.9730588090e+03,2.9175001860e+01,,,,
555,,,,,,,,,,,,,,5.0277299905e+03,2.8857754946e+01,,,,
556,,,,,,,,,,,,,,4.9683066149e+03,2.9202907801e+01,,,,
557,,,,,,,,,,,,,,5.0080703322e+03,2.8971038818e+01,,,,
558,,,,,,,,,,,,,,4.9817901955e+03,2.9123867989e+01,,,,
559,,,,,,,,,,,,,,4.9752545773e+03,2.9162125826e+01,,,,
560,,,,,,,,,,,,,,4.9621559917e+03,2.9239104986e+01,,,,
561,,,,,,,,,,,,,,4.9954825641e+03,2.9044040918e+01,,,,
562,,,,,,,,,,,,,,4.9502028677e+03,2.9309707880e+01,,,,
563,,,,,,,,,,,,,,4.9609430378e+03,2.9246253967e+01,,,,
564,,,,,,,,,,,,,,4.9646853003e+03,2.9224208832e+01,,,,
565,,,,,,,,,,,,,,4.9733695612e+03,2.9173178911e+01,,,,
566,,,,,,,,,,,,,,4.9507305453e+03,2.9306583881e+01,,,,
567,,,,,,,,,,,,,,4.9614808147e+03,2.9243083954e+01,,,,
568,,,,,,,,,,,,,,4.9524087219e+03,2.9296653032e+01,,,,
569,,,,,,,,,,,,,,4.9761763399e+03,2.9156723976e+01,,,,
570,,,,,,,,,,,,,,4.9800539044e+03,2.9134021997e+01,,,,
571,,,,,,,,,,,,,,4.9733603348e+03,2.9173233032e+01,,,,
572,,,,,,,,,,,,,,4.9625171811e+03,2.9236976862e+01,,,,
573,,,,,,,,,,,,,,4.9666242151e+03,2.9212800026e+01,,,,
574,,,,,,,,,,,,,,4.9547616064e+03,2.9282740831e+01,,,,
575,,,,,,,,,,,,,,4.9913264558e+03,2.9068224907e+01,,,,
576,,,,,,,,,,,,,,4.9344993413e+03,2.9402982950e+01,,,,
577,,,,,,,,,,,,,,5.0818554119e+03,2.8550399065e+01,,,,
578,,,,,,,,,,,,,,4.7734849299e+03,3.0394774914e+01,,,,
579,,,,,,,,,,,,,,4.7567660731e+03,3.0501605034e+01,,,,
580,,,,,,,,,,,,,,4.5908622433e+03,3.1603867054e+01,,,,
581,,,,,,,,,,,,,,5.4468108640e+03,2.6637422085e+01,,,,
582,,,,,,,,,,,,,,5.3902805197e+03,2.6916780949e+01,,,,
583,,,,,,,,,,,,,,5.1248504440e+03,2.8310874939e+01,,,,
584,,,,,,,,,,,,,,5.0784293640e+03,2.8569659948e+01,,,,
585,,,,,,,,,,,,,,5.0974394397e+03,2.8463114023e+01,,,,
586,,,,,,,,,,,,,,4.7545192411e+03,3.0516019106e+01,,,,
587,,,,,,,,,,,,,,4.7474932227e+03,3.0561181068e+01,,,,
588,,,,,,,,,,,,,,4.5699091511e+03,3.1748771191e+01,,,,
589,,,,,,,,,,,,,,5.1001524760e+03,2.8447973013e+01,,,,
590,,,,,,,,,,,,,,4.7368192119e+03,3.0630048037e+01,,,,
591,,,,,,,,,,,,,,5.1340498834e+03,2.8260146141e+01,,,,
592,,,,,,,,,,,,,,5.1125811361e+03,2.8378816128e+01,,,,
593,,,,,,,,,,,,,,5.1210979151e+03,2.8331619978e+01,,,,
594,,,,,,,,,,,,,,4.7369659611e+03,3.0629099131e+01,,,,
595,,,,,,,,,,,,,,4.7208096473e+03,3.0733922958e+01,,,,
596,,,,,,,,,,,,,,5.1084026359e+03,2.8402029037e+01,,,,
597,,,,,,,,,,,,,,5.0943693666e+03,2.8480267048e+01,,,,
598,,,,,,,,,,,,,,5.1142057631e+03,2.8369801044e+01,,,,
599,,,,,,,,,,,,,,4.7155293264e+03,3.0768337965e+01,,,,
600,,,,,,,,,,,,,,5.0960217836e+03,2.8471032143e+01,,,,
601,,,,,,,,,,,,,,5.1476084952e+03,2.8185709953e+01,,,,
602,,,,,,,,,,,,,,5.1425164575e+03,2.8213618994e+01,,,,
603,,,,,,,,,,,,,,5.1686524260e+03,2.8070953131e+01,,,,
604,,,,,,,,,,,,,,5.1415422119e+03,2.8218965054e+01,,,,
605,,,,,,,,,,,,,,5.1432782798e+03,2.8209439993e+01,,,,
606,,,,,,,,,,,,,,5.1527927822e+03,2.8157351971e+01,,,,
607,,,,,,,,,,,,,,5.1857431903e+03,2.7978439093e+01,,,,
608,,,,,,,,,,,,,,5.1349026128e+03,2.8255453110e+01,,,,
609,,,,,,,,,,,,,,5.1593796792e+03,2.8121403933e+01,,,,
610,,,,,,,,,,,,,,5.1707422317e+03,2.8059607983e+01,,,,
611,,,,,,,,,,,,,,5.1253712493e+03,2.8307998180e+01,,,,
612,,,,,,,,,,,,,,5.1841619226e+03,2.7986973047e+01,,,,
613,,,,,,,,,,,,,,5.1758081594e+03,2.8032144070e+01,,,,
614,,,,,,,,,,,,,,5.1543031482e+03,2.8149101019e+01,,,,
615,,,,,,,,,,,,,,5.1415017694e+03,2.8219187021e+01,,,,
616,,,,,,,,,,,,,,5.1812683171e+03,2.8002603054e+01,,,,
617,,,,,,,,,,,,,,5.1215756731e+03,2.8328977108e+01,,,,
618,,,,,,,,,,,,,,5.1711732707e+03,2.8057269096e+01,,,,
619,,,,,,,,,,,,,,5.1621513169e+03,2.8106305122e+01,,,,
620,,,,,,,,,,,,,,5.1638263595e+03,2.8097187996e+01,,,,
621,,,,,,,,,,,,,,5.1647381024e+03,2.8092227936e+01,,,,
622,,,,,,,,,,,,,,5.1840164965e+03,2.7987758160e+01,,,,
623,,,,,,,,,,,,,,5.1493084459e+03,2.8176404953e+01,,,,
624,,,,,,,,,,,,,,5.0268515243e+03,2.8862797976e+01,,,,
625,,,,,,,,,,,,,,5.1524796646e+03,2.8159063101e+01,,,,
626,,,,,,,,,,,,,,5.1434682489e+03,2.8208398104e+01,,,,
627,,,,,,,,,,,,,,5.1685025572e+03,2.8071767092e+01,,,,
628,,,,,,,,,,,,,,5.1515075279e+03,2.8164376974e+01,,,,
629,,,,,,,,,,,,,,5.1672214329e+03,2.8078727007e+01,,,,
630,,,,,,,,,,,,,,5.1365832980e+03,2.8246207952e+01,,,,
631,,,,,,,,,,,,,,5.1444320914e+03,2.8203113079e+01,,,,
632,,,,,,,,,,,,,,5.1279805377e+03,2.8293594122e+01,,,,
633,,,,,,,,,,,,,,5.1448188256e+03,2.8200993061e+01,,,,
634,,,,,,,,,,,,,,5.1757453859e+03,2.8032484055e+01,,,,
635,,,,,,,,,,,,,,5.1446214499e+03,2.8202075005e+01,,,,
636,,,,,,,,,,,,,,5.1845140615e+03,2.7985072136e+01,,,,
637,,,,,,,,,,,,,,5.1456254918e+03,2.8196572065e+01,,,,
638,,,,,,,,,,,,,,5.1603175511e+03,2.8116292953e+01,,,,
639,,,,,,,,,,,,,,5.1728274401e+03,2.8048296928e+01,,,,
640,,,,,,,,,,,,,,5.1405406747e+03,2.8224462986e+01,,,,
641,,,,,,,,,,,,,,5.1311126835e+03,2.8276323080e+01,,,,
642,,,,,,,,,,,,,,5.1637230834e+03,2.8097749949e+01,,,,
643,,,,,,,,,,,,,,5.1424914700e+03,2.8213756084e+01,,,,
644,,,,,,,,,,,,,,5.1465359106e+03,2.8191584110e+01,,,,
645,,,,,,,,,,,,,,5.1328585986e+03,2.8266705036e+01,,,,
646,,,,,,,,,,,,,,5.1332893633e+03,2.8264333010e+01,,,,
647,,,,,,,,,,,,,,5.1083639566e+03,2.8402244091e+01,,,,
648,,,,,,,,,,,,,,5.0467889492e+03,2.8748775005e+01,,,,
649,,,,,,,,,,,,,,5.1212087160e+03,2.8331007004e+01,,,,
650,,,,,,,,,,,,,,5.1353664391e+03,2.8252901077e+01,,,,
651,,,,,,,,,,,,,,5.1313702050e+03,2.8274904013e+01,,,,
652,,,,,,,,,,,,,,5.1273959541e+03,2.8296819925e+01,,,,
653,,,,,,,,,,,,,,5.1266866396e+03,2.8300734997e+01,,,,
654,,,,,,,,,,,,,,5.1808555740e+03,2.8004833937e+01,,,,
655,,,,,,,,,,,,,,5.1465280762e+03,2.8191627026e+01,,,,
656,,,,,,,,,,,,,,5.1322381890e+03,2.8270122051e+01,,,,
657,,,,,,,,,,,,,,5.1454313172e+03,2.8197636127e+01,,,,
658,,,,,,,,,,,,,,5.1311431850e+03,2.8276154995e+01,,,,
659,,,,,,,,,,,,,,5.1453588807e+03,2.8198033094e+01,,,,
660,,,,,,,,,,,,,,5.1921073336e+03,2.7944144964e+01,,,,
661,,,,,,,,,,,,,,5.1648728488e+03,2.8091495037e+01,,,,
662,,,,,,,,,,,,,,5.1372769657e+03,2.8242393970e+01,,,,
663,,,,,,,,,,,,,,5.1636225279e+03,2.8098297119e+01,,,,
664,,,,,,,,,,,,,,5.1388284550e+03,2.8233867168e+01,,,,
665,,,,,,,,,,,,,,5.1454300555e+03,2.8197643042e+01,,,,
666,,,,,,,,,,,,,,5.1448266983e+03,2.8200949907e+01,,,,
667,,,,,,,,,,,,,,5.1476185101e+03,2.8185655117e+01,,,,
668,,,,,,,,,,,,,,5.1301454783e+03,2.8281654119e+01,,,,
669,,,,,,,,,,,,,,5.1699103670e+03,2.8064122915e+01,,,,
670,,,,,,,,,,,,,,5.1284128610e+03,2.8291208982e+01,,,,
671,,,,,,,,,,,,,,5.1324571247e+03,2.8268916130e+01,,,,
672,,,,,,,,,,,,,,4.8756618581e+03,2.9757806063e+01,,,,
673,,,,,,,,,,,,,,4.6612571777e+03,3.1126581192e+01,,,,
674,,,,,,,,,,,,,,5.0398205352e+03,2.8788525105e+01,,,,
675,,,,,,,,,,,,,,4.6886536623e+03,3.0944704056e+01,,,,
676,,,,,,,,,,,,,,5.0225423872e+03,2.8887561083e+01,,,,
677,,,,,,,,,,,,,,5.0141616427e+03,2.8935844183e+01,,,,
678,,,,,,,,,,,,,,4.6716751498e+03,3.1057168007e+01,,,,
679,,,,,,,,,,,,,,5.2998540059e+03,2.7376037121e+01,,,,
680,,,,,,,,,,,,,,5.0183244722e+03,2.8911841154e+01,,,,
681,,,,,,,,,,,,,,4.6573470271e+03,3.1152714014e+01,,,,
682,,,,,,,,,,,,,,4.6758571499e+03,3.1029391050e+01,,,,
683,,,,,,,,,,,,,,5.0368455100e+03,2.8805529118e+01,,,,
684,,,,,,,,,,,,,,4.0738403098e+03,3.5614798069e+01,,,,
685,,,,,,,,,,,,,,5.0110115761e+03,2.8954034090e+01,,,,
686,,,,,,,,,,,,,,4.0413085950e+03,3.5901489973e+01,,,,
687,,,,,,,,,,,,,,5.0093406275e+03,2.8963692188e+01,,,,
688,,,,,,,,,,,,,,5.0152352226e+03,2.8929650068e+01,,,,
689,,,,,,,,,,,,,,5.2488625199e+03,2.7641988993e+01,,,,
690,,,,,,,,,,,,,,5.0155469279e+03,2.8927852154e+01,,,,
691,,,,,,,,,,,,,,5.0086952581e+03,2.8967424154e+01,,,,
692,,,,,,,,,,,,,,5.0232391793e+03,2.8883553982e+01,,,,
693,,,,,,,,,,,,,,5.0149630650e+03,2.8931220055e+01,,,,
694,,,,,,,,,,,,,,5.0113934079e+03,2.8951828003e+01,,,,
695,,,,,,,,,,,,,,4.6598254044e+03,3.1136145115e+01,,,,
696,,,,,,,,,,,,,,4.9929384593e+03,2.9058840036e+01,,,,
697,,,,,,,,,,,,,,5.0188959552e+03,2.8908549070e+01,,,,
698,,,,,,,,,,,,,,5.0277745616e+03,2.8857499123e+01,,,,
699,,,,,,,,,,,,,,5.0413360111e+03,2.8779870987e+01,,,,
700,,,,,,,,,,,,,,5.0407140622e+03,2.8783421993e+01,,,,
701,,,,,,,,,,,,,,5.0496620123e+03,2.8732418060e+01,,,,
702,,,,,,,,,,,,,,5.0407586968e+03,2.8783167124e+01,,,,
703,,,,,,,,,,,,,,5.0536257827e+03,2.8709882021e+01,,,,
704,,,,,,,,,,,,,,5.0832849405e+03,2.8542370081e+01,,,,
705,,,,,,,,,,,,,,5.0215611033e+03,2.8893206120e+01,,,,
706,,,,,,,,,,,,,,5.0578057461e+03,2.8686155081e+01,,,,
707,,,,,,,,,,,,,,5.0668656641e+03,2.8634862185e+01,,,,
708,,,,,,,,,,,,,,5.0262226826e+03,2.8866409063e+01,,,,
709,,,,,,,,,,,,,,5.0360169914e+03,2.8810268164e+01,,,,
710,,,,,,,,,,,,,,5.0436261502e+03,2.8766803026e+01,,,,
711,,,,,,,,,,,,,,5.0720793305e+03,2.8605427980e+01,,,,
712,,,,,,,,,,,,,,5.0540084702e+03,2.8707708120e+01,,,,
713,,,,,,,,,,,,,,5.0575450051e+03,2.8687633991e+01,,,,
714,,,,,,,,,,,,,,5.0472794827e+03,2.8745980978e+01,,,,
715,,,,,,,,,,,,,,5.0241391552e+03,2.8878380060e+01,,,,
716,,,,,,,,,,,,,,5.0380066533e+03,2.8798890114e+01,,,,
717,,,,,,,,,,,,,,5.0331582227e+03,2.8826632023e+01,,,,
718,,,,,,,,,,,,,,5.0528372969e+03,2.8714362144e+01,,,,
719,,,,,,,,,,,,,,5.0392647663e+03,2.8791700125e+01,,,,
720,,,,,,,,,,,,,,4.9251995140e+03,2.9458502054e+01,,,,
721,,,,,,,,,,,,,,5.0414496939e+03,2.8779222012e+01,,,,
722,,,,,,,,,,,,,,5.0396488293e+03,2.8789505959e+01,,,,
723,,,,,,,,,,,,,,5.0669700805e+03,2.8634272099e+01,,,,
724,,,,,,,,,,,,,,5.0573181239e+03,2.8688920975e+01,,,,
725,,,,,,,,,,,,,,5.0427529854e+03,2.8771784067e+01,,,,
726,,,,,,,,,,,,,,5.0462635701e+03,2.8751768112e+01,,,,
727,,,,,,,,,,,,,,5.0408233327e+03,2.8782798052e+01,,,,
728,,,,,,,,,,,,,,5.0386281010e+03,2.8795338154e+01,,,,
729,,,,,,,,,,,,,,5.0389983812e+03,2.8793222189e+01,,,,
730,,,,,,,,,,,,,,5.0407872566e+03,2.8783004045e+01,,,,
731,,,,,,,,,,,,,,5.0639390749e+03,2.8651411057e+01,,,,
732,,,,,,,,,,,,,,5.0447637407e+03,2.8760316133e+01,,,,
733,,,,,,,,,,,,,,5.0567179409e+03,2.8692326069e+01,,,,
734,,,,,,,,,,,,,,5.0742519401e+03,2.8593180180e+01,,,,
735,,,,,,,,,,,,,,5.0360592923e+03,2.8810026169e+01,,,,
736,,,,,,,,,,,,,,5.0558603158e+03,2.8697193146e+01,,,,
737,,,,,,,,,,,,,,5.0524431672e+03,2.8716602087e+01,,,,
738,,,,,,,,,,,,,,5.0282117572e+03,2.8854990005e+01,,,,
739,,,,,,,,,,,,,,5.0495642997e+03,2.8732974052e+01,,,,
740,,,,,,,,,,,,,,5.0580121973e+03,2.8684984207e+01,,,,
741,,,,,,,,,,,,,,5.0472984463e+03,2.8745872974e+01,,,,
742,,,,,,,,,,,,,,5.0829982147e+03,2.8543980122e+01,,,,
743,,,,,,,,,,,,,,5.0462874638e+03,2.8751631975e+01,,,,
744,,,,,,,,,,,,,,4.9380289745e+03,2.9381966114e+01,,,,
745,,,,,,,,,,,,,,5.0391921585e+03,2.8792114973e+01,,,,
746,,,,,,,,,,,,,,5.0390559621e+03,2.8792893171e+01,,,,
747,,,,,,,,,,,,,,5.0562498955e+03,2.8694982052e+01,,,,
748,,,,,,,,,,,,,,5.0387906838e+03,2.8794409037e+01,,,,
749,,,,,,,,,,,,,,5.0258194531e+03,2.8868725061e+01,,,,
750,,,,,,,,,,,,,,5.0295561405e+03,2.8847277164e+01,,,,
751,,,,,,,,,,,,,,5.0589547053e+03,2.8679640055e+01,,,,
752,,,,,,,,,,,,,,5.0547682669e+03,2.8703392982e+01,,,,
753,,,,,,,,,,,,,,5.0258739521e+03,2.8868412018e+01,,,,
754,,,,,,,,,,,,,,5.0902964441e+03,2.8503055096e+01,,,,
755,,,,,,,,,,,,,,5.0922019551e+03,2.8492389202e+01,,,,
756,,,,,,,,,,,,,,5.0500567559e+03,2.8730172157e+01,,,,
757,,,,,,,,,,,,,,5.0458525583e+03,2.8754110098e+01,,,,
758,,,,,,,,,,,,,,5.0513729717e+03,2.8722686052e+01,,,,
759,,,,,,,,,,,,,,5.0509838078e+03,2.8724899054e+01,,,,
760,,,,,,,,,,,,,,5.0472592634e+03,2.8746096134e+01,,,,
761,,,,,,,,,,,,,,5.0604139199e+03,2.8671370029e+01,,,,
762,,,,,,,,,,,,,,5.0487041985e+03,2.8737869024e+01,,,,
763,,,,,,,,,,,,,,5.0324993359e+03,2.8830406189e+01,,,,
764,,,,,,,,,,,,,,5.0675310915e+03,2.8631102085e+01,,,,
765,,,,,,,,,,,,,,5.0529705052e+03,2.8713605165e+01,,,,
766,,,,,,,,,,,,,,5.0356609835e+03,2.8812304974e+01,,,,
767,,,,,,,,,,,,,,5.0363253667e+03,2.8808504105e+01,,,,
768,,,,,,,,,,,,,,4.7995395345e+03,3.0229774952e+01,,,,
769,,,,,,,,,,,,,,4.6416390746e+03,3.1258139133e+01,,,,
770,,,,,,,,,,,,,,4.6211572387e+03,3.1396681070e+01,,,,
771,,,,,,,,,,,,,,4.9595484189e+03,2.9254477978e+01,,,,
772,,,,,,,,,,,,,,4.4922106116e+03,3.2297906876e+01,,,,
773,,,,,,,,,,,,,,4.6081586611e+03,3.1485244036e+01,,,,
774,,,,,,,,,,,,,,5.2139363715e+03,2.7827152014e+01,,,,
775,,,,,,,,,,,,,,4.9356419525e+03,2.9396176100e+01,,,,
776,,,,,,,,,,,,,,4.9590154655e+03,2.9257622004e+01,,,,
777,,,,,,,,,,,,,,4.9443583057e+03,2.9344353914e+01,,,,
778,,,,,,,,,,,,,,4.6130856925e+03,3.1451616049e+01,,,,
779,,,,,,,,,,,,,,4.9285757411e+03,2.9438322067e+01,,,,
780,,,,,,,,,,,,,,4.9415305565e+03,2.9361145973e+01,,,,
781,,,,,,,,,,,,,,5.2252296924e+03,2.7767009020e+01,,,,
782,,,,,,,,,,,,,,3.9941117072e+03,3.6325724125e+01,,,,
783,,,,,,,,,,,,,,4.9441315039e+03,2.9345700026e+01,,,,
784,,,,,,,,,,,,,,4.9406974353e+03,2.9366096973e+01,,,,
785,,,,,,,,,,,,,,4.9615055708e+03,2.9242938042e+01,,,,
786,,,,,,,,,,,,,,4.6093923473e+03,3.1476817131e+01,,,,
787,,,,,,,,,,,,,,4.6493900002e+03,3.1206029177e+01,,,,
788,,,,,,,,,,,,,,4.9368602264e+03,2.9388921976e+01,,,,
789,,,,,,,,,,,,,,4.6083196712e+03,3.1484143972e+01,,,,
790,,,,,,,,,,,,,,4.9364879856e+03,2.9391138077e+01,,,,
791,,,,,,,,,,,,,,4.9529615408e+03,2.9293383121e+01,,,,
792,,,,,,,,,,,,,,4.9665902066e+03,2.9213000059e+01,,,,
793,,,,,,,,,,,,,,4.9502474439e+03,2.9309443951e+01,,,,
794,,,,,,,,,,,,,,4.9949968807e+03,2.9046864986e+01,,,,
795,,,,,,,,,,,,,,5.0134467975e+03,2.8939970016e+01,,,,
796,,,,,,,,,,,,,,4.9968568486e+03,2.9036052942e+01,,,,
797,,,,,,,,,,,,,,4.9865676999e+03,2.9095965147e+01,,,,
798,,,,,,,,,,,,,,4.9839529050e+03,2.9111230135e+01,,,,
799,,,,,,,,,,,,,,4.9842355868e+03,2.9109579086e+01,,,,
800,,,,,,,,,,,,,,4.9855158327e+03,2.9102103949e+01,,,,
801,,,,,,,,,,,,,,4.9857894193e+03,2.9100507021e+01,,,,
802,,,,,,,,,,,,,,4.9858973427e+03,2.9099877119e+01,,,,
803,,,,,,,,,,,,,,4.9852287175e+03,2.9103780031e+01,,,,
804,,,,,,,,,,,,,,4.9737594585e+03,2.9170892000e+01,,,,
805,,,,,,,,,,,,,,5.0091578391e+03,2.8964749098e+01,,,,
806,,,,,,,,,,,,,,4.9859191158e+03,2.9099750042e+01,,,,
807,,,,,,,,,,,,,,5.0050528433e+03,2.8988505125e+01,,,,
808,,,,,,,,,,,,,,4.9853440089e+03,2.9103106976e+01,,,,
809,,,,,,,,,,,,,,4.9931133880e+03,2.9057821989e+01,,,,
810,,,,,,,,,,,,,,4.9889992977e+03,2.9081784010e+01,,,,
811,,,,,,,,,,,,,,4.9900337723e+03,2.9075755119e+01,,,,
812,,,,,,,,,,,,,,5.0008914869e+03,2.9012627125e+01,,,,
813,,,,,,,,,,,,,,4.9908710915e+03,2.9070877075e+01,,,,
814,,,,,,,,,,,,,,4.9955547789e+03,2.9043621063e+01,,,,
815,,,,,,,,,,,,,,4.9964763672e+03,2.9038264036e+01,,,,
816,,,,,,,,,,,,,,4.8987874433e+03,2.9617329121e+01,,,,
817,,,,,,,,,,,,,,4.9750970856e+03,2.9163048983e+01,,,,
818,,,,,,,,,,,,,,4.9986396549e+03,2.9025696993e+01,,,,
819,,,,,,,,,,,,,,4.9853469086e+03,2.9103090048e+01,,,,
820,,,,,,,,,,,,,,4.9883257105e+03,2.9085711002e+01,,,,
821,,,,,,,,,,,,,,5.0000568414e+03,2.9017470121e+01,,,,
822,,,,,,,,,,,,,,4.9862513741e+03,2.9097810984e+01,,,,
823,,,,,,,,,,,,,,4.9826502482e+03,2.9118840933e+01,,,,
824,,,,,,,,,,,,,,5.0002994856e+03,2.9016062021e+01,,,,
825,,,,,,,,,,,,,,4.9903145662e+03,2.9074119091e+01,,,,
826,,,,,,,,,,,,,,5.0186683480e+03,2.8909860134e+01,,,,
827,,,,,,,,,,,,,,4.9933364297e+03,2.9056524038e+01,,,,
828,,,,,,,,,,,,,,4.9904340217e+03,2.9073423147e+01,,,,
829,,,,,,,,,,,,,,5.0000959521e+03,2.9017243147e+01,,,,
830,,,,,,,,,,,,,,5.0114145376e+03,2.8951705933e+01,,,,
831,,,,,,,,,,,,,,4.9776247058e+03,2.9148240089e+01,,,,
832,,,,,,,,,,,,,,4.9872000224e+03,2.9092276096e+01,,,,
833,,,,,,,,,,,,,,4.9840969157e+03,2.9110388994e+01,,,,
834,,,,,,,,,,,,,,4.9834309770e+03,2.9114279032e+01,,,,
835,,,,,,,,,,,,,,4.9969891732e+03,2.9035284042e+01,,,,
836,,,,,,,,,,,,,,4.9800906243e+03,2.9133807182e+01,,,,
837,,,,,,,,,,,,,,4.9947155596e+03,2.9048501015e+01,,,,
838,,,,,,,,,,,,,,5.0161099639e+03,2.8924605131e+01,,,,
839,,,,,,,,,,,,,,4.9845307940e+03,2.9107855082e+01,,,,
840,,,,,,,,,,,,,,4.8889970191e+03,2.9676639080e+01,,,,
841,,,,,,,,,,,,,,4.9725021451e+03,2.9178267956e+01,,,,
842,,,,,,,,,,,,,,4.9845573321e+03,2.9107700109e+01,,,,
843,,,,,,,,,,,,,,4.9738915790e+03,2.9170117140e+01,,,,
844,,,,,,,,,,,,,,4.9865694161e+03,2.9095955133e+01,,,,
845,,,,,,,,,,,,,,4.9876135523e+03,2.9089864016e+01,,,,
846,,,,,,,,,,,,,,4.9799663657e+03,2.9134534121e+01,,,,
847,,,,,,,,,,,,,,4.9695236597e+03,2.9195755959e+01,,,,
848,,,,,,,,,,,,,,4.9918474593e+03,2.9065191031e+01,,,,
849,,,,,,,,,,,,,,4.9957900963e+03,2.9042253017e+01,,,,
850,,,,,,,,,,,,,,5.0174635616e+03,2.8916801929e+01,,,,
851,,,,,,,,,,,,,,4.9956724349e+03,2.9042937040e+01,,,,
852,,,,,,,,,,,,,,5.0115247701e+03,2.8951069117e+01,,,,
853,,,,,,,,,,,,,,4.9830523742e+03,2.9116491079e+01,,,,
854,,,,,,,,,,,,,,4.9803716862e+03,2.9132163048e+01,,,,
855,,,,,,,,,,,,,,5.0238773530e+03,2.8879884958e+01,,,,
856,,,,,,,,,,,,,,4.9808598293e+03,2.9129307985e+01,,,,
857,,,,,,,,,,,,,,4.9759790377e+03,2.9157880068e+01,,,,
858,,,,,,,,,,,,,,4.9963858708e+03,2.9038789988e+01,,,,
859,,,,,,,,,,,,,,5.0111085038e+03,2.8953474045e+01,,,,
860,,,,,,,,,,,,,,4.9853095802e+03,2.9103307962e+01,,,,
861,,,,,,,,,,,,,,4.9845278952e+03,2.9107872009e+01,,,,
862,,,,,,,,,,,,,,4.9892103141e+03,2.9080554008e+01,,,,
863,,,,,,,,,,,,,,4.9747807899e+03,2.9164903164e+01,,,,
864,,,,,,,,,,,,,,4.7760001379e+03,3.0378767967e+01,,,,
865,,,,,,,,,,,,,,4.9077654116e+03,2.9563148975e+01,,,,
866,,,,,,,,,,,,,,4.6091911497e+03,3.1478191137e+01,,,,
867,,,,,,,,,,,,,,4.5815462940e+03,3.1668129206e+01,,,,
868,,,,,,,,,,,,,,4.4117578473e+03,3.2886891127e+01,,,,
869,,,,,,,,,,,,,,5.1397266594e+03,2.8228933096e+01,,,,
870,,,,,,,,,,,,,,5.1962936741e+03,2.7921632051e+01,,,,
871,,,,,,,,,,,,,,4.9535781106e+03,2.9289736986e+01,,,,
872,,,,,,,,,,,,,,4.9253217323e+03,2.9457771063e+01,,,,
873,,,,,,,,,,,,,,4.9183595509e+03,2.9499469995e+01,,,,
874,,,,,,,,,,,,,,4.5784387988e+03,3.1689623117e+01,,,,
875,,,,,,,,,,,,,,4.5957635483e+03,3.1570162058e+01,,,,
876,,,,,,,,,,,,,,4.4356372880e+03,3.2709843159e+01,,,,
877,,,,,,,,,,,,,,4.9049503334e+03,2.9580116034e+01,,,,
878,,,,,,,,,,,,,,4.5945876185e+03,3.1578242064e+01,,,,
879,,,,,,,,,,,,,,4.9083232331e+03,2.9559789181e+01,,,,
880,,,,,,,,,,,,,,4.8968675496e+03,2.9628941059e+01,,,,
881,,,,,,,,,,,,,,4.9340378444e+03,2.9405733109e+01,,,,
882,,,,,,,,,,,,,,4.5844924672e+03,3.1647778034e+01,,,,
883,,,,,,,,,,,,,,4.5781092764e+03,3.1691904068e+01,,,,
884,,,,,,,,,,,,,,4.9420307808e+03,2.9358174086e+01,,,,
885,,,,,,,,,,,,,,4.9498794223e+03,2.9311623096e+01,,,,
886,,,,,,,,,,,,,,4.9041480355e+03,2.9584955215e+01,,,,
887,,,,,,,,,,,,,,4.5911138335e+03,3.1602135181e+01,,,,
888,,,,,,,,,,,,,,4.9164272675e+03,2.9511064053e+01,,,,
889,,,,,,,,,,,,,,4.9022658777e+03,2.9596313953e+01,,,,
890,,,,,,,,,,,,,,4.9369504216e+03,2.9388385057e+01,,,,
891,,,,,,,,,,,,,,4.9393188650e+03,2.9374293089e+01,,,,
892,,,,,,,,,,,,,,4.9463439302e+03,2.9332574129e+01,,,,
893,,,,,,,,,,,,,,4.9256332449e+03,2.9455908060e+01,,,,
894,,,,,,,,,,,,,,4.9420615641e+03,2.9357991219e+01,,,,
895,,,,,,,,,,,,,,4.9431270536e+03,2.9351663113e+01,,,,
896,,,,,,,,,,,,,,4.9676150837e+03,2.9206973076e+01,,,,
897,,,,,,,,,,,,,,4.9513145730e+03,2.9303127050e+01,,,,
898,,,,,,,,,,,,,,4.9232149340e+03,2.9470376968e+01,,,,
899,,,,,,,,,,,,,,4.9329132498e+03,2.9412436962e+01,,,,
900,,,,,,,,,,,,,,4.9353397394e+03,2.9397976160e+01,,,,
901,,,,,,,,,,,,,,4.9145907238e+03,2.9522092104e+01,,,,
902,,,,,,,,,,,,,,4.9682916069e+03,2.9202996016e+01,,,,
903,,,,,,,,,,,,,,4.9345298708e+03,2.9402801037e+01,,,,
904,,,,,,,,,,,,,,4.9283796809e+03,2.9439493179e+01,,,,
905,,,,,,,,,,,,,,4.9613084189e+03,2.9244100094e+01,,,,
906,,,,,,,,,,,,,,4.9665832347e+03,2.9213041067e+01,,,,
907,,,,,,,,,,,,,,4.9336061519e+03,2.9408306122e+01,,,,
908,,,,,,,,,,,,,,4.9522285333e+03,2.9297719002e+01,,,,
909,,,,,,,,,,,,,,4.9409676493e+03,2.9364490986e+01,,,,
910,,,,,,,,,,,,,,4.9363767848e+03,2.9391800165e+01,,,,
911,,,,,,,,,,,,,,4.9292870295e+03,2.9434074163e+01,,,,
912,,,,,,,,,,,,,,4.8310410661e+03,3.0032657146e+01,,,,
913,,,,,,,,,,,,,,4.9265337197e+03,2.9450524092e+01,,,,
914,,,,,,,,,,,,,,4.9382091331e+03,2.9380894184e+01,,,,
915,,,,,,,,,,,,,,4.9403352038e+03,2.9368250132e+01,,,,
916,,,,,,,,,,,,,,4.9642471756e+03,2.9226788044e+01,,,,
917,,,,,,,,,,,,,,4.9328424349e+03,2.9412859201e+01,,,,
918,,,,,,,,,,,,,,4.9420521725e+03,2.9358047009e+01,,,,
919,,,,,,,,,,,,,,4.9457532766e+03,2.9336077213e+01,,,,
920,,,,,,,,,,,,,,4.9243954402e+03,2.9463312149e+01,,,,
921,,,,,,,,,,,,,,4.9823258121e+03,2.9120737076e+01,,,,
922,,,,,,,,,,,,,,4.9659884268e+03,2.9216540098e+01,,,,
923,,,,,,,,,,,,,,4.9354942037e+03,2.9397056103e+01,,,,
924,,,,,,,,,,,,,,4.9422423783e+03,2.9356917143e+01,,,,
925,,,,,,,,,,,,,,4.9489123179e+03,2.9317351103e+01,,,,
926,,,,,,,,,,,,,,4.9433099535e+03,2.9350577116e+01,,,,
927,,,,,,,,,,,,,,4.9799210896e+03,2.9134799004e+01,,,,
928,,,,,,,,,,,,,,4.9266509787e+03,2.9449823141e+01,,,,
929,,,,,,,,,,,,,,4.9559572917e+03,2.9275676012e+01,,,,
930,,,,,,,,,,,,,,4.9241891933e+03,2.9464546204e+01,,,,
931,,,,,,,,,,,,,,4.9297662080e+03,2.9431213140e+01,,,,
932,,,,,,,,,,,,,,4.9534837183e+03,2.9290295124e+01,,,,
933,,,,,,,,,,,,,,4.9364674830e+03,2.9391260147e+01,,,,
934,,,,,,,,,,,,,,4.9410485669e+03,2.9364010096e+01,,,,
935,,,,,,,,,,,,,,4.9666357676e+03,2.9212732077e+01,,,,
936,,,,,,,,,,,,,,4.8243081958e+03,3.0074571133e+01,,,,
937,,,,,,,,,,,,,,4.9268927333e+03,2.9448378086e+01,,,,
938,,,,,,,,,,,,,,4.9136649718e+03,2.9527654171e+01,,,,
939,,,,,,,,,,,,,,4.9447692611e+03,2.9341915131e+01,,,,
940,,,,,,,,,,,,,,4.9563808750e+03,2.9273174047e+01,,,,
941,,,,,,,,,,,,,,4.9251986769e+03,2.9458507061e+01,,,,
942,,,,,,,,,,,,,,4.9326928545e+03,2.9413751125e+01,,,,
943,,,,,,,,,,,,,,4.9154870064e+03,2.9516709089e+01,,,,
944,,,,,,,,,,,,,,4.9340682081e+03,2.9405552149e+01,,,,
945,,,,,,,,,,,,,,4.9479577409e+03,2.9323007107e+01,,,,
946,,,,,,,,,,,,,,4.9297581810e+03,2.9431261063e+01,,,,
947,,,,,,,,,,,,,,4.9265397420e+03,2.9450488091e+01,,,,
948,,,,,,,,,,,,,,4.9277881620e+03,2.9443027020e+01,,,,
949,,,,,,,,,,,,,,4.9257756991e+03,2.9455056190e+01,,,,
950,,,,,,,,,,,,,,4.9160382845e+03,2.9513399124e+01,,,,
951,,,,,,,,,,,,,,4.9199738051e+03,2.9489791155e+01,,,,
952,,,,,,,,,,,,,,4.9172555606e+03,2.9506093025e+01,,,,
953,,,,,,,,,,,,,,4.9237667518e+03,2.9467074156e+01,,,,
954,,,,,,,,,,,,,,4.9330805987e+03,2.9411439180e+01,,,,
955,,,,,,,,,,,,,,4.9261428169e+03,2.9452861071e+01,,,,
956,,,,,,,,,,,,,,4.9244148465e+03,2.9463196039e+01,,,,
957,,,,,,,,,,,,,,4.9533240941e+03,2.9291239023e+01,,,,
958,,,,,,,,,,,,,,4.9193445749e+03,2.9493563175e+01,,,,
959,,,,,,,,,,,,,,4.9204138170e+03,2.9487154007e+01,,,,
